1.6
1.25
0.62
0.34
0.18
4600
4780
5370
740
6970
500
355
170
110
970
1390
150
1650
220
1420
150
4390
260
1260
160
94
60
22
21
695
455
350
285
2140
2495
3095
335
210
97
24
530
915
1100
1270
150
98
52
28
17
110
15150
1550
14000
1435
7975
1435
23100
8850
7560
1260
840
19460
5950
7280
1230
655
15820
5250
3220
280
1530
5075
560
2820
1855
0.22
840
470
1295
45
25
14
4680
1290
84
56
22
11
420
64
38
1040
59
39
14
280
1600
2415
160
815
760
1.52
805
400
820
1228
1749
2124
2309
2646
3164
3911
6332
1116
820
35
850
0.12
299
299
560
299
261
1855
967
560
299
261
56
399
51
858
1.72
474
393
30
3000
2500
278
277.5
37.5
22.5
72
330
104
78
66
53
498
420
368
212
53
122
53
48
22.5
4.5
3.75
1.84
53
140
278
631
140
13
81

















