2.4
1.88
0.93
0.51
0.27
7000
1
1
1
10455
750
533
255
165
1455
2085
225
2475
330
2130
225
6585
390
1890
240
141
90
33
32
1043
683
525
428
3210
3743
4643
503
315
145
36
795
1372
1650
1905
225
147
78
42
26
165
22725
2325
21000
2153
11963
2153
34650
13275
11340
1890
1260
1
1
1
1
1
23730
7875
4830
420
2295
7613
840
4230
2828
0.33
1260
705
1943
68
38
21
7020
1935
126
84
33
17
630
96
57
1560
89
59
21
420
2400
3623
240
1222
1140
2.3
1207
600
931
1393
1985
2411
2620
3003
3591
4439
7186
1267
931
40
964
0.13
339
339
636
339
296
2140
1097
635
339
296
63
452
57
974
2
538
446
34
5000
4000
278
277.5
37.5
22.5
72
330
104
78
66
53
498
420
368
212
53
122
53
48
22.5
4.5
3.75
1.84
53
140
278
631
140
13
81
3000
300
1500
1650
1800
1950
100
75
60
50







