3.6
2.82
1.4
0.77
0.41
10500
1
1
1
15683
1125
800
383
248
2183
3128
338
3713
495
3195
338
9878
585
2835
360
212
135
50
48
1565
1025
788
642
4815
5615
6965
755
473
218
54
1193
2058
2475
2858
338
221
117
63
39
248
34088
3488
31500
3230
17945
3230
51975
19913
17000
2835
1890
1
1
1
1
1
35595
11813
7245
630
3443
11420
1260
6345
4242
50
1890
1058
2915
102
57
32
10530
2903
189
126
50
26
945
144
86
2340
134
89
32
630
3600
5435
360
1833
1710
3.45
1811
900
1504
2250
3206
3894
4232
4850
5800
7170
11606
2046
1504
65
1558
0.22
548
548
1027
548
478
3456
1772
1026
548
478
102
731
93
1573
3.15
868
720
55
7500
6000
620
619
84
50
161
736
232
174
147
118
1110
936
820
473
118
272
118
107
50
10
8
4
118
312
620
1407
312
13
181
4500
450
2250
2475
2700
2925
150
112.5
90
75
2500
1000
100
4200
4500
