5.00
3.95
1.95
1.07
0.57
15000.00
1
1
1
21956.00
1575.00
1120.00
536.00
347.00
3056.00
4379.00
473.00
5198.00
693.00
4473.00
473.00
13829.00
819.00
3969.00
504.00
297.00
189.00
70.00
67.00
2191.00
1435.00
1103.00
900.00
6741.00
7861.00
9751.00
1057.00
662.00
305.00
76.00
1670.00
2881.00
3465.00
4000.00
473.00
309.00
164.00
88.00
55.00
347.00
47723.00
4883.00
44100.00
4522.00
25123.00
4522.00
72765.00
27878.00
23800.00
3969.00
2646.00
1
1
1
1
1
49833.00
16538.00
10143.00
882.00
4820.00
15988.00
1764.00
8883.00
5939.00
0.70
2646.00
1481.00
4081.00
143.00
80.00
45.00
14742.00
4064.00
265.00
176.00
70.00
36.00
1323.00
202.00
120.00
3276.00
188.00
125.00
45.00
882.00
5040.00
7610.00
504.00
1833
1710
3.45
2535.00
1260.00
1504
2250
3206
3894
4232
4850
5800
7170
11606
2046
1504
65
1558
0.22
548
548
1027
548
478
3456
1772
1026
548
478
102
731
93
1573
3.15
868
720
55
8000.00
6500.00
620
619
84
50
161
736
232
174
147
118
1110
936
820
473
118
272
118
107
50
10
8
4
118
312
620
1407
312
13
181
5000.00
630.00
3000.00
3300.00
3600.00
3900.00
200.00
175.00
150.00
125.00
3500.00
1400.00
100.00
4200.00
4500.00
