2024/2
26140
1550
3160
5450
6550
7560
895
580
310
165
105
655
9.5
7.46
3.7
2.03
1.08
28500
10000
8500
7000
20000
25000
30000
100
150
200
35000
40000
50000
200
250
300
30000
45000
700
1500
137500
52690
44980
7500
5000
4880
3200
2460
2005
15015
17510
21720
2355
1475
680
170
1400
4200
4620
5040
5460
280
245
210
175
140
5880
6300
41500
2980
2120
1015
665
5775
8280
895
1
1
1
1
1
1
1
1
9820
1310
8450
890
90200
9230
94185
31260
83350
8550
47480
8550
11225
1.4
5000
2800


