2025/2
39210
2330
4740
8175
9825
11340
1340
870
465
250
160
980
14.3
11.2
5.55
3.05
1.65
45000
12000
10000
9000
30000
37500
45000
150
230
300
52500
60000
75000
300
380
450
45000
67500
1050
2250
206250
79030
67470
11250
7500
7320
4800
3690
3015
22525
26270
32580
3535
2215
1020
260
2100
6300
6930
7560
8190
420
370
315
260
210
8820
9450
45000
4470
3180
1525
985
8665
12420
1345
60000
60000
4470
8665
840
240
840
240
14730
1970
12680
1340
141300
26125
196035
130680
125030
12830
71220
12830
16845
2.1
7500
4200
11520
750
505
205
110
3750
570
350
16800
18480
12600
14700
16800
480
420
1050
11575
410
230
132
41790
9925
3975
9290
535
360
135
2500
14300
21570
1430
3145
4650
6290
1230



