2025/1
32675
1940
3950
6815
8190
9450
1120
725
390
210
135
820
11.9
9.33
4.63
2.54
1.35
32625
11000
9500
8000
25000
31250
37500
125
190
250
43750
50000
62500
250
315
375
37500
56250
875
1875
171875
65860
56225
9375
6250
6100
4000
3075
2510
18770
21890
27150
2945
1845
850
215
1750
5250
5775
6300
6825
350
310
265
220
175
7350
7875
35625
3725
2650
1270
820
7220
10350
1120
51875
51875
3725
7220
700
200
700
200
12275
1640
10565
1115
117750
21770
163360
108900
104190
10690
59350
10690
14035
1.75
6250
3500
9600
625
420
170
90
3125
475
290
14000
15400
10500
12250
14000
400
350
875
9645
340
190
110
34825
8270
3310
7740
445
300
110
2085
11910
17975
1190
3145
4650
6290
1230

