2026/1
47050
2795
5690
9810
11790
13605
1605
1045
560
300
190
1175
17.16
13.44
6.66
3.66
1.98
54000
12000
10000
9000
30000
37500
45000
150
230
300
52500
60000
75000
300
380
450
45000
67500
1050
2250
247500
94835
80965
13500
9000
8785
5760
4430
3620
27030
31525
39095
4240
2655
1220
310
2520
7560
8315
9070
9825
500
440
375
310
250
10585
11340
54000
5360
3815
1830
1180
10395
14900
1610
72000
72000
5360
10395
1010
290
1010
290
17675
2360
15215
1605
169560
31350
235240
156815
150035
15395
85465
15395
20215
2.5
9000
5040
13825
900
605
245
130
4500
680
420
20160
22175
15120
17640
20160
575
505
5000
13890
490
275
155
50150
11910
4770
11150
640
430
160
3000
17160
25885
1715
4245
6280
8490
1660
